7920,11,30,100,55,jeep22
8602,1
9256,11,30,500,6,toyota20
9468,1
9706,11,30,400,5,kia88
6947,1
9943,11,1651578309,40,14600,ff,0
1832,11,1651578587,500,9674,ff,0
2400,11,1651578777,98745,9736,ss,0
4232,29900,1651579308,500,9674,ff,0
4275,29900,1651579319,500,9674,ff,0
4448,29900,1651579380,500,9674,ff,0
5803,11,1651579795,6000,13456,kk,0
5855,11,1651579812,500,9674,ff,0
5911,11,1651579825,98745,9736,ss,0
6156,11,1651579910,6000,13456,kk,0
6541,29900,1651579971,6000,13456,kk,0
6698,11,1651580069,6000,13456,kk,0
4912,11,1651677126,98745,9736,ss,0
8980,11,1652049653,500,9674,ff,0
9831,11,1653223848,55,14579,ss,0
8071,11,1653266269,6000,13456,kk,0
2236,29900,1653330131,6000,13456,kk,0
